Line    OP    L    M
  0    JMP    0    39
  1    JMP    0    21
  2    JMP    0    3
  3    INC    0    5
  4    LOD    0    4
  5    LIT    0    1
  6    OPR    0    8
  7    JPC    0    11
  8    LIT    0    1
  9    STO    0    0
 10    JMP    0    20
 11    LOD    0    4
 12    LOD    0    4
 13    LIT    0    1
 14    OPR    0    3
 15    STO    0    10
 16    CAL    1    2
 17    INC    0    1
 18    OPR    0    4
 19    STO    0    0
 20    OPR    0    0
 21    INC    0    7
 22    LOD    0    5
 23    SIO    0    1
 24    LOD    0    6
 25    SIO    0    1
 26    LOD    0    4
 27    STO    0    11
 28    CAL    0    2
 29    INC    0    1
 30    STO    0    0
 31    OPR    0    0
 32    JMP    0    33
 33    INC    0    5
 34    LIT    0    1
 35    STO    0    4
 36    LOD    0    4
 37    SIO    0    1
 38    OPR    0    0
 39    INC    0    5
 40    SIO    0    2
 41    STO    0    4
 42    LOD    0    4
 43    LIT    0    3
 44    LIT    0    0
 45    LIT    0    0
 46    STO    0    12
 47    STO    0    11
 48    STO    0    10
 49    CAL    0    1
 50    INC    0    1
 51    LIT    0    2
 52    STO    0    11
 53    STO    0    10
 54    STO    0    9
 55    CAL    0    1
 56    INC    0    1
 57    SIO    0    1
 58    LOD    0    4
 59    LIT    0    2
 60    LOD    0    4
 61    OPR    0    4
 62    LIT    0    3
 63    STO    0    11
 64    STO    0    10
 65    STO    0    9
 66    CAL    0    1
 67    INC    0    1
 68    SIO    0    1
 69    CAL    0    32
 70    SIO    0    3

                          pc   bp    sp    stack
Initial Values             0    1     0
  0   JMP    0     39     39    1     0    
 39   INC    0      5     40    1     5    0 0 0 0 0 
 40   SIO    0      2     41    1     6    0 0 0 0 0 4 
 41   STO    0      4     42    1     5    0 0 0 0 4 
 42   LOD    0      4     43    1     6    0 0 0 0 4 4 
 43   LIT    0      3     44    1     7    0 0 0 0 4 4 3 
 44   LIT    0      0     45    1     8    0 0 0 0 4 4 3 0 
 45   LIT    0      0     46    1     9    0 0 0 0 4 4 3 0 0 
 46   STO    0     12     47    1     8    0 0 0 0 4 4 3 0 
 47   STO    0     11     48    1     7    0 0 0 0 4 4 3 
 48   STO    0     10     49    1     6    0 0 0 0 4 4 
 49   CAL    0      1      1    7     6    0 0 0 0 4 4 
  1   JMP    0     21     21    7     6    0 0 0 0 4 4 
 21   INC    0      7     22    7    13    0 0 0 0 4 4 | 0 1 1 50 3 0 0 
 22   LOD    0      5     23    7    14    0 0 0 0 4 4 | 0 1 1 50 3 0 0 0 
 23   SIO    0      1     24    7    13    0 0 0 0 4 4 | 0 1 1 50 3 0 0 
 24   LOD    0      6     25    7    14    0 0 0 0 4 4 | 0 1 1 50 3 0 0 0 
 25   SIO    0      1     26    7    13    0 0 0 0 4 4 | 0 1 1 50 3 0 0 
 26   LOD    0      4     27    7    14    0 0 0 0 4 4 | 0 1 1 50 3 0 0 3 
 27   STO    0     11     28    7    13    0 0 0 0 4 4 | 0 1 1 50 3 0 0 
 28   CAL    0      2      2   14    13    0 0 0 0 4 4 | 0 1 1 50 3 0 0 
  2   JMP    0      3      3   14    13    0 0 0 0 4 4 | 0 1 1 50 3 0 0 
  3   INC    0      5      4   14    18    0 0 0 0 4 4 | 0 1 1 50 3 0 0 | 0 7 7 29 3 
  4   LOD    0      4      5   14    19    0 0 0 0 4 4 | 0 1 1 50 3 0 0 | 0 7 7 29 3 3 
  5   LIT    0      1      6   14    20    0 0 0 0 4 4 | 0 1 1 50 3 0 0 | 0 7 7 29 3 3 1 
  6   OPR    0      8      7   14    19    0 0 0 0 4 4 | 0 1 1 50 3 0 0 | 0 7 7 29 3 0 
  7   JPC    0     11     11   14    18    0 0 0 0 4 4 | 0 1 1 50 3 0 0 | 0 7 7 29 3 
 11   LOD    0      4     12   14    19    0 0 0 0 4 4 | 0 1 1 50 3 0 0 | 0 7 7 29 3 3 
 12   LOD    0      4     13   14    20    0 0 0 0 4 4 | 0 1 1 50 3 0 0 | 0 7 7 29 3 3 3 
 13   LIT    0      1     14   14    21    0 0 0 0 4 4 | 0 1 1 50 3 0 0 | 0 7 7 29 3 3 3 1 
 14   OPR    0      3     15   14    20    0 0 0 0 4 4 | 0 1 1 50 3 0 0 | 0 7 7 29 3 3 2 
 15   STO    0     10     16   14    19    0 0 0 0 4 4 | 0 1 1 50 3 0 0 | 0 7 7 29 3 3 
 16   CAL    1      2      2   20    19    0 0 0 0 4 4 | 0 1 1 50 3 0 0 | 0 7 7 29 3 3 
  2   JMP    0      3      3   20    19    0 0 0 0 4 4 | 0 1 1 50 3 0 0 | 0 7 7 29 3 3 
  3   INC    0      5      4   20    24    0 0 0 0 4 4 | 0 1 1 50 3 0 0 | 0 7 7 29 3 3 | 0 7 14 17 2 
  4   LOD    0      4      5   20    25    0 0 0 0 4 4 | 0 1 1 50 3 0 0 | 0 7 7 29 3 3 | 0 7 14 17 2 2 
  5   LIT    0      1      6   20    26    0 0 0 0 4 4 | 0 1 1 50 3 0 0 | 0 7 7 29 3 3 | 0 7 14 17 2 2 1 
  6   OPR    0      8      7   20    25    0 0 0 0 4 4 | 0 1 1 50 3 0 0 | 0 7 7 29 3 3 | 0 7 14 17 2 0 
  7   JPC    0     11     11   20    24    0 0 0 0 4 4 | 0 1 1 50 3 0 0 | 0 7 7 29 3 3 | 0 7 14 17 2 
 11   LOD    0      4     12   20    25    0 0 0 0 4 4 | 0 1 1 50 3 0 0 | 0 7 7 29 3 3 | 0 7 14 17 2 2 
 12   LOD    0      4     13   20    26    0 0 0 0 4 4 | 0 1 1 50 3 0 0 | 0 7 7 29 3 3 | 0 7 14 17 2 2 2 
 13   LIT    0      1     14   20    27    0 0 0 0 4 4 | 0 1 1 50 3 0 0 | 0 7 7 29 3 3 | 0 7 14 17 2 2 2 1 
 14   OPR    0      3     15   20    26    0 0 0 0 4 4 | 0 1 1 50 3 0 0 | 0 7 7 29 3 3 | 0 7 14 17 2 2 1 
 15   STO    0     10     16   20    25    0 0 0 0 4 4 | 0 1 1 50 3 0 0 | 0 7 7 29 3 3 | 0 7 14 17 2 2 
 16   CAL    1      2      2   26    25    0 0 0 0 4 4 | 0 1 1 50 3 0 0 | 0 7 7 29 3 3 | 0 7 14 17 2 2 
  2   JMP    0      3      3   26    25    0 0 0 0 4 4 | 0 1 1 50 3 0 0 | 0 7 7 29 3 3 | 0 7 14 17 2 2 
  3   INC    0      5      4   26    30    0 0 0 0 4 4 | 0 1 1 50 3 0 0 | 0 7 7 29 3 3 | 0 7 14 17 2 2 | 0 7 20 17 1 
  4   LOD    0      4      5   26    31    0 0 0 0 4 4 | 0 1 1 50 3 0 0 | 0 7 7 29 3 3 | 0 7 14 17 2 2 | 0 7 20 17 1 1 
  5   LIT    0      1      6   26    32    0 0 0 0 4 4 | 0 1 1 50 3 0 0 | 0 7 7 29 3 3 | 0 7 14 17 2 2 | 0 7 20 17 1 1 1 
  6   OPR    0      8      7   26    31    0 0 0 0 4 4 | 0 1 1 50 3 0 0 | 0 7 7 29 3 3 | 0 7 14 17 2 2 | 0 7 20 17 1 1 
  7   JPC    0     11      8   26    30    0 0 0 0 4 4 | 0 1 1 50 3 0 0 | 0 7 7 29 3 3 | 0 7 14 17 2 2 | 0 7 20 17 1 
  8   LIT    0      1      9   26    31    0 0 0 0 4 4 | 0 1 1 50 3 0 0 | 0 7 7 29 3 3 | 0 7 14 17 2 2 | 0 7 20 17 1 1 
  9   STO    0      0     10   26    30    0 0 0 0 4 4 | 0 1 1 50 3 0 0 | 0 7 7 29 3 3 | 0 7 14 17 2 2 | 1 7 20 17 1 
 10   JMP    0     20     20   26    30    0 0 0 0 4 4 | 0 1 1 50 3 0 0 | 0 7 7 29 3 3 | 0 7 14 17 2 2 | 1 7 20 17 1 
 20   OPR    0      0     17   20    25    0 0 0 0 4 4 | 0 1 1 50 3 0 0 | 0 7 7 29 3 3 | 0 7 14 17 2 2 
 17   INC    0      1     18   20    26    0 0 0 0 4 4 | 0 1 1 50 3 0 0 | 0 7 7 29 3 3 | 0 7 14 17 2 2 1 
 18   OPR    0      4     19   20    25    0 0 0 0 4 4 | 0 1 1 50 3 0 0 | 0 7 7 29 3 3 | 0 7 14 17 2 2 
 19   STO    0      0     20   20    24    0 0 0 0 4 4 | 0 1 1 50 3 0 0 | 0 7 7 29 3 3 | 2 7 14 17 2 
 20   OPR    0      0     17   14    19    0 0 0 0 4 4 | 0 1 1 50 3 0 0 | 0 7 7 29 3 3 
 17   INC    0      1     18   14    20    0 0 0 0 4 4 | 0 1 1 50 3 0 0 | 0 7 7 29 3 3 2 
 18   OPR    0      4     19   14    19    0 0 0 0 4 4 | 0 1 1 50 3 0 0 | 0 7 7 29 3 6 
 19   STO    0      0     20   14    18    0 0 0 0 4 4 | 0 1 1 50 3 0 0 | 6 7 7 29 3 
 20   OPR    0      0     29    7    13    0 0 0 0 4 4 | 0 1 1 50 3 0 0 
 29   INC    0      1     30    7    14    0 0 0 0 4 4 | 0 1 1 50 3 0 0 6 
 30   STO    0      0     31    7    13    0 0 0 0 4 4 | 6 1 1 50 3 0 0 
 31   OPR    0      0     50    1     6    0 0 0 0 4 4 
 50   INC    0      1     51    1     7    0 0 0 0 4 4 6 
 51   LIT    0      2     52    1     8    0 0 0 0 4 4 6 2 
 52   STO    0     11     53    1     7    0 0 0 0 4 4 6 
 53   STO    0     10     54    1     6    0 0 0 0 4 4 
 54   STO    0      9     55    1     5    0 0 0 0 4 
 55   CAL    0      1      1    6     5    0 0 0 0 4 
  1   JMP    0     21     21    6     5    0 0 0 0 4 
 21   INC    0      7     22    6    12    0 0 0 0 4 | 0 1 1 56 4 6 2 
 22   LOD    0      5     23    6    13    0 0 0 0 4 | 0 1 1 56 4 6 2 6 
 23   SIO    0      1     24    6    12    0 0 0 0 4 | 0 1 1 56 4 6 2 
 24   LOD    0      6     25    6    13    0 0 0 0 4 | 0 1 1 56 4 6 2 2 
 25   SIO    0      1     26    6    12    0 0 0 0 4 | 0 1 1 56 4 6 2 
 26   LOD    0      4     27    6    13    0 0 0 0 4 | 0 1 1 56 4 6 2 4 
 27   STO    0     11     28    6    12    0 0 0 0 4 | 0 1 1 56 4 6 2 
 28   CAL    0      2      2   13    12    0 0 0 0 4 | 0 1 1 56 4 6 2 
  2   JMP    0      3      3   13    12    0 0 0 0 4 | 0 1 1 56 4 6 2 
  3   INC    0      5      4   13    17    0 0 0 0 4 | 0 1 1 56 4 6 2 | 0 6 6 29 4 
  4   LOD    0      4      5   13    18    0 0 0 0 4 | 0 1 1 56 4 6 2 | 0 6 6 29 4 4 
  5   LIT    0      1      6   13    19    0 0 0 0 4 | 0 1 1 56 4 6 2 | 0 6 6 29 4 4 1 
  6   OPR    0      8      7   13    18    0 0 0 0 4 | 0 1 1 56 4 6 2 | 0 6 6 29 4 0 
  7   JPC    0     11     11   13    17    0 0 0 0 4 | 0 1 1 56 4 6 2 | 0 6 6 29 4 
 11   LOD    0      4     12   13    18    0 0 0 0 4 | 0 1 1 56 4 6 2 | 0 6 6 29 4 4 
 12   LOD    0      4     13   13    19    0 0 0 0 4 | 0 1 1 56 4 6 2 | 0 6 6 29 4 4 4 
 13   LIT    0      1     14   13    20    0 0 0 0 4 | 0 1 1 56 4 6 2 | 0 6 6 29 4 4 4 1 
 14   OPR    0      3     15   13    19    0 0 0 0 4 | 0 1 1 56 4 6 2 | 0 6 6 29 4 4 3 
 15   STO    0     10     16   13    18    0 0 0 0 4 | 0 1 1 56 4 6 2 | 0 6 6 29 4 4 
 16   CAL    1      2      2   19    18    0 0 0 0 4 | 0 1 1 56 4 6 2 | 0 6 6 29 4 4 
  2   JMP    0      3      3   19    18    0 0 0 0 4 | 0 1 1 56 4 6 2 | 0 6 6 29 4 4 
  3   INC    0      5      4   19    23    0 0 0 0 4 | 0 1 1 56 4 6 2 | 0 6 6 29 4 4 | 0 6 13 17 3 
  4   LOD    0      4      5   19    24    0 0 0 0 4 | 0 1 1 56 4 6 2 | 0 6 6 29 4 4 | 0 6 13 17 3 3 
  5   LIT    0      1      6   19    25    0 0 0 0 4 | 0 1 1 56 4 6 2 | 0 6 6 29 4 4 | 0 6 13 17 3 3 1 
  6   OPR    0      8      7   19    24    0 0 0 0 4 | 0 1 1 56 4 6 2 | 0 6 6 29 4 4 | 0 6 13 17 3 0 
  7   JPC    0     11     11   19    23    0 0 0 0 4 | 0 1 1 56 4 6 2 | 0 6 6 29 4 4 | 0 6 13 17 3 
 11   LOD    0      4     12   19    24    0 0 0 0 4 | 0 1 1 56 4 6 2 | 0 6 6 29 4 4 | 0 6 13 17 3 3 
 12   LOD    0      4     13   19    25    0 0 0 0 4 | 0 1 1 56 4 6 2 | 0 6 6 29 4 4 | 0 6 13 17 3 3 3 
 13   LIT    0      1     14   19    26    0 0 0 0 4 | 0 1 1 56 4 6 2 | 0 6 6 29 4 4 | 0 6 13 17 3 3 3 1 
 14   OPR    0      3     15   19    25    0 0 0 0 4 | 0 1 1 56 4 6 2 | 0 6 6 29 4 4 | 0 6 13 17 3 3 2 
 15   STO    0     10     16   19    24    0 0 0 0 4 | 0 1 1 56 4 6 2 | 0 6 6 29 4 4 | 0 6 13 17 3 3 
 16   CAL    1      2      2   25    24    0 0 0 0 4 | 0 1 1 56 4 6 2 | 0 6 6 29 4 4 | 0 6 13 17 3 3 
  2   JMP    0      3      3   25    24    0 0 0 0 4 | 0 1 1 56 4 6 2 | 0 6 6 29 4 4 | 0 6 13 17 3 3 
  3   INC    0      5      4   25    29    0 0 0 0 4 | 0 1 1 56 4 6 2 | 0 6 6 29 4 4 | 0 6 13 17 3 3 | 0 6 19 17 2 
  4   LOD    0      4      5   25    30    0 0 0 0 4 | 0 1 1 56 4 6 2 | 0 6 6 29 4 4 | 0 6 13 17 3 3 | 0 6 19 17 2 2 
  5   LIT    0      1      6   25    31    0 0 0 0 4 | 0 1 1 56 4 6 2 | 0 6 6 29 4 4 | 0 6 13 17 3 3 | 0 6 19 17 2 2 1 
  6   OPR    0      8      7   25    30    0 0 0 0 4 | 0 1 1 56 4 6 2 | 0 6 6 29 4 4 | 0 6 13 17 3 3 | 0 6 19 17 2 0 
  7   JPC    0     11     11   25    29    0 0 0 0 4 | 0 1 1 56 4 6 2 | 0 6 6 29 4 4 | 0 6 13 17 3 3 | 0 6 19 17 2 
 11   LOD    0      4     12   25    30    0 0 0 0 4 | 0 1 1 56 4 6 2 | 0 6 6 29 4 4 | 0 6 13 17 3 3 | 0 6 19 17 2 2 
 12   LOD    0      4     13   25    31    0 0 0 0 4 | 0 1 1 56 4 6 2 | 0 6 6 29 4 4 | 0 6 13 17 3 3 | 0 6 19 17 2 2 2 
 13   LIT    0      1     14   25    32    0 0 0 0 4 | 0 1 1 56 4 6 2 | 0 6 6 29 4 4 | 0 6 13 17 3 3 | 0 6 19 17 2 2 2 1 
 14   OPR    0      3     15   25    31    0 0 0 0 4 | 0 1 1 56 4 6 2 | 0 6 6 29 4 4 | 0 6 13 17 3 3 | 0 6 19 17 2 2 1 
 15   STO    0     10     16   25    30    0 0 0 0 4 | 0 1 1 56 4 6 2 | 0 6 6 29 4 4 | 0 6 13 17 3 3 | 0 6 19 17 2 2 
 16   CAL    1      2      2   31    30    0 0 0 0 4 | 0 1 1 56 4 6 2 | 0 6 6 29 4 4 | 0 6 13 17 3 3 | 0 6 19 17 2 2 
  2   JMP    0      3      3   31    30    0 0 0 0 4 | 0 1 1 56 4 6 2 | 0 6 6 29 4 4 | 0 6 13 17 3 3 | 0 6 19 17 2 2 
  3   INC    0      5      4   31    35    0 0 0 0 4 | 0 1 1 56 4 6 2 | 0 6 6 29 4 4 | 0 6 13 17 3 3 | 0 6 19 17 2 2 | 0 6 25 17 1 
  4   LOD    0      4      5   31    36    0 0 0 0 4 | 0 1 1 56 4 6 2 | 0 6 6 29 4 4 | 0 6 13 17 3 3 | 0 6 19 17 2 2 | 0 6 25 17 1 1 
  5   LIT    0      1      6   31    37    0 0 0 0 4 | 0 1 1 56 4 6 2 | 0 6 6 29 4 4 | 0 6 13 17 3 3 | 0 6 19 17 2 2 | 0 6 25 17 1 1 1 
  6   OPR    0      8      7   31    36    0 0 0 0 4 | 0 1 1 56 4 6 2 | 0 6 6 29 4 4 | 0 6 13 17 3 3 | 0 6 19 17 2 2 | 0 6 25 17 1 1 
  7   JPC    0     11      8   31    35    0 0 0 0 4 | 0 1 1 56 4 6 2 | 0 6 6 29 4 4 | 0 6 13 17 3 3 | 0 6 19 17 2 2 | 0 6 25 17 1 
  8   LIT    0      1      9   31    36    0 0 0 0 4 | 0 1 1 56 4 6 2 | 0 6 6 29 4 4 | 0 6 13 17 3 3 | 0 6 19 17 2 2 | 0 6 25 17 1 1 
  9   STO    0      0     10   31    35    0 0 0 0 4 | 0 1 1 56 4 6 2 | 0 6 6 29 4 4 | 0 6 13 17 3 3 | 0 6 19 17 2 2 | 1 6 25 17 1 
 10   JMP    0     20     20   31    35    0 0 0 0 4 | 0 1 1 56 4 6 2 | 0 6 6 29 4 4 | 0 6 13 17 3 3 | 0 6 19 17 2 2 | 1 6 25 17 1 
 20   OPR    0      0     17   25    30    0 0 0 0 4 | 0 1 1 56 4 6 2 | 0 6 6 29 4 4 | 0 6 13 17 3 3 | 0 6 19 17 2 2 
 17   INC    0      1     18   25    31    0 0 0 0 4 | 0 1 1 56 4 6 2 | 0 6 6 29 4 4 | 0 6 13 17 3 3 | 0 6 19 17 2 2 1 
 18   OPR    0      4     19   25    30    0 0 0 0 4 | 0 1 1 56 4 6 2 | 0 6 6 29 4 4 | 0 6 13 17 3 3 | 0 6 19 17 2 2 
 19   STO    0      0     20   25    29    0 0 0 0 4 | 0 1 1 56 4 6 2 | 0 6 6 29 4 4 | 0 6 13 17 3 3 | 2 6 19 17 2 
 20   OPR    0      0     17   19    24    0 0 0 0 4 | 0 1 1 56 4 6 2 | 0 6 6 29 4 4 | 0 6 13 17 3 3 
 17   INC    0      1     18   19    25    0 0 0 0 4 | 0 1 1 56 4 6 2 | 0 6 6 29 4 4 | 0 6 13 17 3 3 2 
 18   OPR    0      4     19   19    24    0 0 0 0 4 | 0 1 1 56 4 6 2 | 0 6 6 29 4 4 | 0 6 13 17 3 6 
 19   STO    0      0     20   19    23    0 0 0 0 4 | 0 1 1 56 4 6 2 | 0 6 6 29 4 4 | 6 6 13 17 3 
 20   OPR    0      0     17   13    18    0 0 0 0 4 | 0 1 1 56 4 6 2 | 0 6 6 29 4 4 
 17   INC    0      1     18   13    19    0 0 0 0 4 | 0 1 1 56 4 6 2 | 0 6 6 29 4 4 6 
 18   OPR    0      4     19   13    18    0 0 0 0 4 | 0 1 1 56 4 6 2 | 0 6 6 29 4 24 
 19   STO    0      0     20   13    17    0 0 0 0 4 | 0 1 1 56 4 6 2 | 24 6 6 29 4 
 20   OPR    0      0     29    6    12    0 0 0 0 4 | 0 1 1 56 4 6 2 
 29   INC    0      1     30    6    13    0 0 0 0 4 | 0 1 1 56 4 6 2 24 
 30   STO    0      0     31    6    12    0 0 0 0 4 | 24 1 1 56 4 6 2 
 31   OPR    0      0     56    1     5    0 0 0 0 4 
 56   INC    0      1     57    1     6    0 0 0 0 4 24 
 57   SIO    0      1     58    1     5    0 0 0 0 4 
 58   LOD    0      4     59    1     6    0 0 0 0 4 4 
 59   LIT    0      2     60    1     7    0 0 0 0 4 4 2 
 60   LOD    0      4     61    1     8    0 0 0 0 4 4 2 4 
 61   OPR    0      4     62    1     7    0 0 0 0 4 4 8 
 62   LIT    0      3     63    1     8    0 0 0 0 4 4 8 3 
 63   STO    0     11     64    1     7    0 0 0 0 4 4 8 
 64   STO    0     10     65    1     6    0 0 0 0 4 4 
 65   STO    0      9     66    1     5    0 0 0 0 4 
 66   CAL    0      1      1    6     5    0 0 0 0 4 
  1   JMP    0     21     21    6     5    0 0 0 0 4 
 21   INC    0      7     22    6    12    0 0 0 0 4 | 0 1 1 67 4 8 3 
 22   LOD    0      5     23    6    13    0 0 0 0 4 | 0 1 1 67 4 8 3 8 
 23   SIO    0      1     24    6    12    0 0 0 0 4 | 0 1 1 67 4 8 3 
 24   LOD    0      6     25    6    13    0 0 0 0 4 | 0 1 1 67 4 8 3 3 
 25   SIO    0      1     26    6    12    0 0 0 0 4 | 0 1 1 67 4 8 3 
 26   LOD    0      4     27    6    13    0 0 0 0 4 | 0 1 1 67 4 8 3 4 
 27   STO    0     11     28    6    12    0 0 0 0 4 | 0 1 1 67 4 8 3 
 28   CAL    0      2      2   13    12    0 0 0 0 4 | 0 1 1 67 4 8 3 
  2   JMP    0      3      3   13    12    0 0 0 0 4 | 0 1 1 67 4 8 3 
  3   INC    0      5      4   13    17    0 0 0 0 4 | 0 1 1 67 4 8 3 | 0 6 6 29 4 
  4   LOD    0      4      5   13    18    0 0 0 0 4 | 0 1 1 67 4 8 3 | 0 6 6 29 4 4 
  5   LIT    0      1      6   13    19    0 0 0 0 4 | 0 1 1 67 4 8 3 | 0 6 6 29 4 4 1 
  6   OPR    0      8      7   13    18    0 0 0 0 4 | 0 1 1 67 4 8 3 | 0 6 6 29 4 0 
  7   JPC    0     11     11   13    17    0 0 0 0 4 | 0 1 1 67 4 8 3 | 0 6 6 29 4 
 11   LOD    0      4     12   13    18    0 0 0 0 4 | 0 1 1 67 4 8 3 | 0 6 6 29 4 4 
 12   LOD    0      4     13   13    19    0 0 0 0 4 | 0 1 1 67 4 8 3 | 0 6 6 29 4 4 4 
 13   LIT    0      1     14   13    20    0 0 0 0 4 | 0 1 1 67 4 8 3 | 0 6 6 29 4 4 4 1 
 14   OPR    0      3     15   13    19    0 0 0 0 4 | 0 1 1 67 4 8 3 | 0 6 6 29 4 4 3 
 15   STO    0     10     16   13    18    0 0 0 0 4 | 0 1 1 67 4 8 3 | 0 6 6 29 4 4 
 16   CAL    1      2      2   19    18    0 0 0 0 4 | 0 1 1 67 4 8 3 | 0 6 6 29 4 4 
  2   JMP    0      3      3   19    18    0 0 0 0 4 | 0 1 1 67 4 8 3 | 0 6 6 29 4 4 
  3   INC    0      5      4   19    23    0 0 0 0 4 | 0 1 1 67 4 8 3 | 0 6 6 29 4 4 | 0 6 13 17 3 
  4   LOD    0      4      5   19    24    0 0 0 0 4 | 0 1 1 67 4 8 3 | 0 6 6 29 4 4 | 0 6 13 17 3 3 
  5   LIT    0      1      6   19    25    0 0 0 0 4 | 0 1 1 67 4 8 3 | 0 6 6 29 4 4 | 0 6 13 17 3 3 1 
  6   OPR    0      8      7   19    24    0 0 0 0 4 | 0 1 1 67 4 8 3 | 0 6 6 29 4 4 | 0 6 13 17 3 0 
  7   JPC    0     11     11   19    23    0 0 0 0 4 | 0 1 1 67 4 8 3 | 0 6 6 29 4 4 | 0 6 13 17 3 
 11   LOD    0      4     12   19    24    0 0 0 0 4 | 0 1 1 67 4 8 3 | 0 6 6 29 4 4 | 0 6 13 17 3 3 
 12   LOD    0      4     13   19    25    0 0 0 0 4 | 0 1 1 67 4 8 3 | 0 6 6 29 4 4 | 0 6 13 17 3 3 3 
 13   LIT    0      1     14   19    26    0 0 0 0 4 | 0 1 1 67 4 8 3 | 0 6 6 29 4 4 | 0 6 13 17 3 3 3 1 
 14   OPR    0      3     15   19    25    0 0 0 0 4 | 0 1 1 67 4 8 3 | 0 6 6 29 4 4 | 0 6 13 17 3 3 2 
 15   STO    0     10     16   19    24    0 0 0 0 4 | 0 1 1 67 4 8 3 | 0 6 6 29 4 4 | 0 6 13 17 3 3 
 16   CAL    1      2      2   25    24    0 0 0 0 4 | 0 1 1 67 4 8 3 | 0 6 6 29 4 4 | 0 6 13 17 3 3 
  2   JMP    0      3      3   25    24    0 0 0 0 4 | 0 1 1 67 4 8 3 | 0 6 6 29 4 4 | 0 6 13 17 3 3 
  3   INC    0      5      4   25    29    0 0 0 0 4 | 0 1 1 67 4 8 3 | 0 6 6 29 4 4 | 0 6 13 17 3 3 | 0 6 19 17 2 
  4   LOD    0      4      5   25    30    0 0 0 0 4 | 0 1 1 67 4 8 3 | 0 6 6 29 4 4 | 0 6 13 17 3 3 | 0 6 19 17 2 2 
  5   LIT    0      1      6   25    31    0 0 0 0 4 | 0 1 1 67 4 8 3 | 0 6 6 29 4 4 | 0 6 13 17 3 3 | 0 6 19 17 2 2 1 
  6   OPR    0      8      7   25    30    0 0 0 0 4 | 0 1 1 67 4 8 3 | 0 6 6 29 4 4 | 0 6 13 17 3 3 | 0 6 19 17 2 0 
  7   JPC    0     11     11   25    29    0 0 0 0 4 | 0 1 1 67 4 8 3 | 0 6 6 29 4 4 | 0 6 13 17 3 3 | 0 6 19 17 2 
 11   LOD    0      4     12   25    30    0 0 0 0 4 | 0 1 1 67 4 8 3 | 0 6 6 29 4 4 | 0 6 13 17 3 3 | 0 6 19 17 2 2 
 12   LOD    0      4     13   25    31    0 0 0 0 4 | 0 1 1 67 4 8 3 | 0 6 6 29 4 4 | 0 6 13 17 3 3 | 0 6 19 17 2 2 2 
 13   LIT    0      1     14   25    32    0 0 0 0 4 | 0 1 1 67 4 8 3 | 0 6 6 29 4 4 | 0 6 13 17 3 3 | 0 6 19 17 2 2 2 1 
 14   OPR    0      3     15   25    31    0 0 0 0 4 | 0 1 1 67 4 8 3 | 0 6 6 29 4 4 | 0 6 13 17 3 3 | 0 6 19 17 2 2 1 
 15   STO    0     10     16   25    30    0 0 0 0 4 | 0 1 1 67 4 8 3 | 0 6 6 29 4 4 | 0 6 13 17 3 3 | 0 6 19 17 2 2 
 16   CAL    1      2      2   31    30    0 0 0 0 4 | 0 1 1 67 4 8 3 | 0 6 6 29 4 4 | 0 6 13 17 3 3 | 0 6 19 17 2 2 
  2   JMP    0      3      3   31    30    0 0 0 0 4 | 0 1 1 67 4 8 3 | 0 6 6 29 4 4 | 0 6 13 17 3 3 | 0 6 19 17 2 2 
  3   INC    0      5      4   31    35    0 0 0 0 4 | 0 1 1 67 4 8 3 | 0 6 6 29 4 4 | 0 6 13 17 3 3 | 0 6 19 17 2 2 | 0 6 25 17 1 
  4   LOD    0      4      5   31    36    0 0 0 0 4 | 0 1 1 67 4 8 3 | 0 6 6 29 4 4 | 0 6 13 17 3 3 | 0 6 19 17 2 2 | 0 6 25 17 1 1 
  5   LIT    0      1      6   31    37    0 0 0 0 4 | 0 1 1 67 4 8 3 | 0 6 6 29 4 4 | 0 6 13 17 3 3 | 0 6 19 17 2 2 | 0 6 25 17 1 1 1 
  6   OPR    0      8      7   31    36    0 0 0 0 4 | 0 1 1 67 4 8 3 | 0 6 6 29 4 4 | 0 6 13 17 3 3 | 0 6 19 17 2 2 | 0 6 25 17 1 1 
  7   JPC    0     11      8   31    35    0 0 0 0 4 | 0 1 1 67 4 8 3 | 0 6 6 29 4 4 | 0 6 13 17 3 3 | 0 6 19 17 2 2 | 0 6 25 17 1 
  8   LIT    0      1      9   31    36    0 0 0 0 4 | 0 1 1 67 4 8 3 | 0 6 6 29 4 4 | 0 6 13 17 3 3 | 0 6 19 17 2 2 | 0 6 25 17 1 1 
  9   STO    0      0     10   31    35    0 0 0 0 4 | 0 1 1 67 4 8 3 | 0 6 6 29 4 4 | 0 6 13 17 3 3 | 0 6 19 17 2 2 | 1 6 25 17 1 
 10   JMP    0     20     20   31    35    0 0 0 0 4 | 0 1 1 67 4 8 3 | 0 6 6 29 4 4 | 0 6 13 17 3 3 | 0 6 19 17 2 2 | 1 6 25 17 1 
 20   OPR    0      0     17   25    30    0 0 0 0 4 | 0 1 1 67 4 8 3 | 0 6 6 29 4 4 | 0 6 13 17 3 3 | 0 6 19 17 2 2 
 17   INC    0      1     18   25    31    0 0 0 0 4 | 0 1 1 67 4 8 3 | 0 6 6 29 4 4 | 0 6 13 17 3 3 | 0 6 19 17 2 2 1 
 18   OPR    0      4     19   25    30    0 0 0 0 4 | 0 1 1 67 4 8 3 | 0 6 6 29 4 4 | 0 6 13 17 3 3 | 0 6 19 17 2 2 
 19   STO    0      0     20   25    29    0 0 0 0 4 | 0 1 1 67 4 8 3 | 0 6 6 29 4 4 | 0 6 13 17 3 3 | 2 6 19 17 2 
 20   OPR    0      0     17   19    24    0 0 0 0 4 | 0 1 1 67 4 8 3 | 0 6 6 29 4 4 | 0 6 13 17 3 3 
 17   INC    0      1     18   19    25    0 0 0 0 4 | 0 1 1 67 4 8 3 | 0 6 6 29 4 4 | 0 6 13 17 3 3 2 
 18   OPR    0      4     19   19    24    0 0 0 0 4 | 0 1 1 67 4 8 3 | 0 6 6 29 4 4 | 0 6 13 17 3 6 
 19   STO    0      0     20   19    23    0 0 0 0 4 | 0 1 1 67 4 8 3 | 0 6 6 29 4 4 | 6 6 13 17 3 
 20   OPR    0      0     17   13    18    0 0 0 0 4 | 0 1 1 67 4 8 3 | 0 6 6 29 4 4 
 17   INC    0      1     18   13    19    0 0 0 0 4 | 0 1 1 67 4 8 3 | 0 6 6 29 4 4 6 
 18   OPR    0      4     19   13    18    0 0 0 0 4 | 0 1 1 67 4 8 3 | 0 6 6 29 4 24 
 19   STO    0      0     20   13    17    0 0 0 0 4 | 0 1 1 67 4 8 3 | 24 6 6 29 4 
 20   OPR    0      0     29    6    12    0 0 0 0 4 | 0 1 1 67 4 8 3 
 29   INC    0      1     30    6    13    0 0 0 0 4 | 0 1 1 67 4 8 3 24 
 30   STO    0      0     31    6    12    0 0 0 0 4 | 24 1 1 67 4 8 3 
 31   OPR    0      0     67    1     5    0 0 0 0 4 
 67   INC    0      1     68    1     6    0 0 0 0 4 24 
 68   SIO    0      1     69    1     5    0 0 0 0 4 
 69   CAL    0     32     32    6     5    0 0 0 0 4 
 32   JMP    0     33     33    6     5    0 0 0 0 4 
 33   INC    0      5     34    6    10    0 0 0 0 4 | 0 1 1 70 4 
 34   LIT    0      1     35    6    11    0 0 0 0 4 | 0 1 1 70 4 1 
 35   STO    0      4     36    6    10    0 0 0 0 4 | 0 1 1 70 1 
 36   LOD    0      4     37    6    11    0 0 0 0 4 | 0 1 1 70 1 1 
 37   SIO    0      1     38    6    10    0 0 0 0 4 | 0 1 1 70 1 
 38   OPR    0      0     70    1     5    0 0 0 0 4 
 70   SIO    0      3
Successfully Halted.